203 1 101 82 60 58 87 194 188 70 
204 114 160 104 43 27 195 140 127 80 129 
204 12 186 155 131 143 191 67 174 187 57 
205 22 123 175 179 20 185 164 39 
204 23 112 135 74 44 134 163 147 170 
204 24 75 197 28 50 132 159 139 35 53 
203 68 145 18 33 72 167 73 21 49 
204 29 110 144 125 8 2 117 193 94 95 
205 36 65 199 97 34 88 122 183 162 
203 84 178 19 184 81 111 69 168 124 42 
205 99 109 64 4 182 31 62 118 47 
203 26 55 148 40 11 150 154 38 48 77 
210 152 93 165 66 141 3 120 51 
204 54 196 138 56 161 157 128 158 76 
203 78 153 100 30 61 45 126 92 166 85 
210 96 173 119 108 5 137 59 79 
205 89 37 190 98 7 13 63 116 
205 90 181 180 41 32 16 113 83 176 
205 102 9 103 177 169 142 46 91 105 
204 146 6 156 121 17 115 25 10 
210 130 151 71 171 86 172 200 192 198 
203 149 15 14 189 107 133 106 52 136 
