206 4 5 116 80 113 21 67 175 137 31 
203 142 143 2 96 46 139 79 121 9 
203 10 94 51 126 193 170 124 61 196 90 
203 17 134 12 162 68 148 7 191 163 
203 18 27 104 62 24 63 159 60 112 110 
210 20 89 72 3 25 173 70 50 30 
206 181 122 92 49 8 87 140 102 128 
210 32 147 179 145 23 35 88 22 111 178 
210 36 13 95 171 76 1 141 41 176 
203 38 195 47 158 133 169 135 66 200 
206 52 182 197 183 91 154 48 37 150 192 
210 172 81 44 156 125 123 131 15 77 83 
206 190 29 114 189 151 165 98 64 82 100 
203 69 84 177 152 187 188 54 115 101 
210 74 106 43 149 132 78 198 108 
203 166 167 6 53 33 97 136 59 153 75 
206 85 40 26 157 99 127 57 186 160 28 
203 146 34 39 71 109 184 174 86 103 
210 117 118 93 14 73 42 107 180 129 120 
203 119 16 168 56 45 130 199 19 11 164 
206 138 161 194 105 155 55 185 58 144 65 