206 2 73 134 165 10 38 37 115 192 
209 3 196 66 197 181 112 81 79 152 
204 145 191 64 57 39 1 171 184 4 
206 75 163 154 21 109 11 91 193 94 183 
204 117 9 185 99 194 86 137 190 20 
204 105 111 128 182 24 54 12 174 28 
206 69 15 60 110 48 158 56 123 116 
206 33 26 135 25 155 167 132 107 106 
204 34 72 159 62 7 157 61 156 100 
204 199 170 122 141 143 80 119 49 
209 104 42 52 133 166 179 83 101 50 31 8 
204 74 23 22 67 90 200 120 178 30 63 
206 68 59 180 36 16 124 140 127 70 
206 188 41 149 93 51 172 189 89 108 65 
206 40 151 144 5 162 53 121 187 176 139 129 
209 76 84 146 6 164 131 130 78 27 118 
204 95 173 44 96 13 177 18 175 
206 98 88 102 19 195 150 46 77 35 29 113 
206 114 32 43 82 168 186 87 136 126 147 
204 198 161 45 92 17 160 47 85 97 55 138 
206 169 103 142 148 58 125 14 71 153 
