209 2 77 94 79 122 19 78 185 147 89 
209 7 157 193 109 15 1 48 111 130 161 
214 12 188 62 129 169 115 103 105 60 88 
214 17 58 114 176 81 35 149 63 190 69 75 
210 101 148 182 74 23 124 61 50 127 9 34 
210 192 164 65 66 165 33 191 159 26 
214 43 22 83 113 13 180 142 36 
214 44 123 25 177 86 49 128 136 87 
214 51 144 84 27 93 116 100 41 152 
209 71 52 200 76 37 184 28 8 40 55 
214 56 16 104 92 45 85 133 70 
214 59 117 95 4 194 20 110 82 197 
210 67 29 68 175 198 131 132 187 57 121 
209 168 196 91 179 141 64 158 134 183 181 
210 72 107 145 97 135 173 21 151 171 
210 155 42 53 96 99 32 106 120 14 126 
210 138 167 108 186 10 143 199 156 154 
209 178 30 150 18 6 146 5 153 140 
210 163 139 11 172 39 3 98 47 137 119 195 
214 189 38 102 80 125 46 166 160 170 
214 174 73 118 90 31 162 54 24 112 
