208 1 56 53 44 62 6 4 26 21 40 
206 5 178 179 176 169 144 195 161 148 164 
206 27 19 17 41 22 34 24 9 
206 10 29 23 13 35 
207 50 81 43 46 73 52 69 49 12 
208 83 61 63 74 76 51 2 8 25 15 
207 132 137 133 104 107 97 91 118 93 16 
208 67 87 70 86 72 82 59 64 20 18 
207 28 57 66 77 65 71 88 14 37 
208 32 136 127 143 126 121 3 106 11 100 
207 33 58 79 85 89 84 78 48 31 42 
207 142 116 135 114 92 122 105 125 39 36 
208 75 47 80 45 54 60 55 68 7 38 
207 95 124 108 141 112 134 138 94 96 
207 131 111 98 123 110 115 130 119 109 139 101 
207 102 99 117 113 129 128 103 140 90 120 
206 180 192 152 30 149 159 187 197 146 154 
206 170 198 181 174 177 168 150 167 147 156 
206 160 151 172 189 184 166 190 191 157 173 
206 171 188 153 185 155 199 193 183 182 196 
206 175 145 165 162 163 200 158 186 194 
