211 104 145 142 135 132 133 122 144 137 124 
202 61 77 71 54 72 60 42 6 10 5 
211 128 108 114 115 103 141 123 18 112 148 7 
220 183 180 172 187 191 178 158 182 154 152 161 190 
211 17 136 129 120 126 116 150 125 138 147 
202 89 66 70 91 84 63 57 69 25 35 20 
202 86 52 76 78 87 36 40 16 22 
202 94 49 85 21 27 
202 79 93 80 95 58 4 30 31 
202 75 59 83 55 56 90 8 19 34 
220 168 193 153 165 177 164 185 173 199 37 
211 127 1 109 117 143 107 47 2 
202 62 65 88 74 51 96 26 39 
202 82 67 48 92 64 68 14 41 3 24 43 
211 149 97 29 13 46 28 44 
202 73 50 53 81 32 11 9 23 45 
211 99 105 146 119 131 113 110 134 98 139 
211 101 118 140 111 130 121 100 102 106 33 38 
220 184 179 166 169 196 195 167 197 175 155 
220 171 188 186 151 15 160 159 194 163 192 12 
220 174 176 189 156 170 198 157 162 200 181 
