216 13 36 60 42 51 24 25 2 
216 7 1 16 41 38 53 34 28 8 39 
216 27 22 58 9 12 44 45 3 10 
216 17 47 46 62 23 52 55 5 54 30 31 
216 19 15 43 11 40 57 18 35 
216 20 49 29 4 37 14 26 32 
216 63 56 50 21 33 6 59 61 48 
220 94 76 130 99 110 80 111 117 129 65 
220 73 102 71 91 119 118 109 95 69 
220 75 82 105 89 83 100 106 115 127 
220 92 64 128 114 103 78 107 97 124 85 
220 112 90 104 125 67 66 96 86 70 116 
220 123 68 113 81 84 88 77 93 120 
220 121 79 126 72 74 87 98 101 108 122 
208 180 179 173 161 183 184 177 171 150 
208 169 142 155 185 181 148 192 188 138 
208 172 187 145 131 154 159 141 163 144 
208 198 194 152 189 178 197 175 153 135 
208 156 143 186 140 160 167 190 147 182 
208 176 170 146 193 137 149 158 
208 191 199 200 164 168 157 132 162 
208 165 133 195 134 151 139 174 136 166 196 
