208 159 171 150 194 178 149 165 199 164 1 
208 127 130 119 90 124 110 125 131 141 3 
209 45 16 12 40 69 50 2 26 4 
208 102 74 99 77 93 132 5 
209 31 7 57 51 66 61 49 23 54 6 
209 8 70 32 9 28 15 33 63 39 60 
209 56 27 38 42 44 13 72 21 20 
209 48 62 47 25 10 64 65 37 18 24 
209 30 46 11 41 67 35 14 58 71 43 68 
209 34 55 17 59 29 52 19 22 36 53 
208 138 97 122 107 104 115 100 135 140 83 
208 85 108 89 94 96 82 111 112 137 
208 129 80 91 134 128 87 143 88 
208 95 84 109 142 118 103 86 113 101 
208 126 117 92 114 121 133 136 116 75 98 
208 120 79 139 73 105 81 78 123 76 106 
208 153 190 144 167 175 197 162 189 
208 154 198 168 180 184 193 172 177 157 170 
208 156 173 161 185 174 155 145 148 169 
208 158 196 187 191 146 147 166 192 152 188 
208 195 183 182 176 160 181 179 200 163 151 186 
