209 61 68 71 16 26 40 33 5 
210 6 12 2 8 34 13 36 
210 10 117 133 136 120 112 116 4 21 
210 41 129 110 134 130 122 43 15 11 
209 45 73 65 66 60 59 74 64 17 
209 51 49 75 58 46 76 44 18 
202 19 149 139 157 154 156 3 109 121 
202 147 148 141 153 165 162 168 160 152 20 
207 87 104 91 81 80 101 85 82 77 32 22 
210 28 9 38 1 23 
209 48 52 62 56 53 67 47 24 25 
202 27 7 126 124 132 135 128 131 111 125 119 
207 84 102 14 89 96 97 79 92 105 30 
202 161 145 140 151 146 158 155 31 
207 108 93 94 78 106 107 90 100 103 37 
209 55 57 54 69 72 70 63 50 39 
202 42 181 174 183 198 175 190 199 187 169 196 
207 99 86 88 98 83 35 95 182 193 
210 138 113 127 137 115 114 118 29 123 
202 164 159 150 163 143 142 166 144 167 
202 171 173 189 184 192 191 185 194 170 197 
202 186 172 179 195 180 200 188 178 177 176 
