202 26 21 40 25 1 
216 183 180 174 172 192 181 182 176 20 8 3 
216 6 47 9 10 32 5 
202 146 157 162 169 163 153 166 160 30 23 12 
216 195 198 177 49 44 42 15 13 
207 105 109 104 103 86 106 112 113 35 16 
212 31 119 129 124 138 118 142 137 17 
212 143 121 131 140 136 139 126 128 18 
207 87 98 88 91 110 89 94 115 108 96 28 
207 95 102 99 93 100 111 114 14 29 
202 149 155 159 170 145 144 165 48 36 
202 37 150 156 151 168 158 22 11 24 41 
216 43 51 53 4 2 45 
212 132 120 135 38 34 19 46 
212 125 130 122 127 134 123 141 133 50 
202 161 148 152 167 154 147 164 39 52 55 
207 58 56 78 72 64 70 63 75 74 71 67 
207 92 83 62 61 27 66 85 69 80 68 
207 97 57 82 84 54 59 65 60 73 
207 107 116 101 90 117 7 81 76 79 77 
216 188 191 178 33 185 193 175 189 194 184 
216 196 186 173 171 179 187 190 199 197 200