220 3 36 17 18 25 38 29 
220 19 41 2 27 33 12 15 34 6 16 
220 37 28 13 4 14 20 26 5 32 23 
220 31 11 10 35 22 9 8 24 
220 40 21 1 7 39 30 44 42 43 
213 66 65 73 64 58 56 82 68 49 
213 50 48 60 76 74 70 75 83 71 63 
213 69 80 57 61 45 59 79 54 55 81 
213 78 47 62 51 53 72 46 52 67 77 
203 86 112 84 118 92 107 85 102 90 120 
203 89 98 97 111 87 110 104 116 99 93 
203 103 94 122 121 105 101 91 115 95 
203 106 96 88 100 114 108 113 119 109 117 
219 145 161 157 149 123 130 131 154 152 127 
219 142 162 144 158 134 164 133 
219 137 156 136 135 132 166 124 155 143 
219 146 159 139 138 148 129 167 125 150 
219 165 153 151 141 163 126 160 140 128 147 
204 173 176 175 172 185 170 189 198 
204 177 180 193 174 192 190 168 194 
204 182 188 183 184 171 200 187 169 191 
204 195 199 178 196 197 179 181 186 
