209 20 18 8 9 27 3 5 35 39 16 
209 19 36 38 30 10 37 12 25 24 
209 32 4 26 29 28 43 21 31 
209 34 6 7 14 1 23 41 52 78 
209 42 13 17 40 33 15 22 11 2 76 
203 53 56 59 66 79 69 83 62 64 47 
203 61 72 60 63 48 77 80 67 50 55 
203 84 51 82 49 65 58 70 81 44 86 
203 73 46 45 75 54 57 85 71 74 68 
208 117 100 103 131 118 109 123 111 90 
208 96 119 94 101 105 107 95 91 99 
208 115 97 112 98 92 113 89 124 125 
208 121 110 130 108 104 93 128 122 116 
208 127 102 87 106 88 120 114 129 126 
208 134 133 162 155 148 150 135 158 146 154 157 
208 141 136 152 159 164 161 
208 151 160 156 137 149 144 163 142 
208 145 140 139 153 138 147 132 143 
203 166 200 169 185 191 165 190 
203 168 174 175 195 183 176 188 173 186 178 
203 198 171 193 182 179 194 192 184 177 
203 199 181 170 197 187 172 180 167 189 196 
