156 1 124 9 66 38 35 94 68 85 61 
157 45 46 83 53 14 105 17 50 4 
157 15 11 143 148 73 72 59 84 7 
157 69 25 125 18 115 130 121 57 8 
157 27 127 86 82 92 109 71 101 33 
160 22 112 58 138 119 51 70 13 37 
157 24 5 19 140 40 77 49 126 41 133 
157 31 129 36 135 144 2 128 54 113 16 
156 108 34 64 99 120 103 116 29 65 
160 102 146 75 110 98 147 131 117 3 44 
157 47 142 32 39 10 21 80 96 78 
157 106 28 93 20 79 30 111 56 23 
157 100 48 74 90 107 132 114 149 81 
160 88 67 139 63 60 118 12 145 55 62 26 137 
156 136 89 97 76 141 150 43 95 104 
156 122 91 42 87 134 6 52 123 