165 6 139 76 82 135 102 116 86 117 110 
155 150 26 101 29 66 30 11 75 38 7 
162 9 44 70 134 3 129 16 115 144 
162 12 22 118 92 28 39 33 131 13 123 
162 34 14 18 1 107 114 85 104 27 
165 32 5 103 130 140 17 49 74 120 
155 83 23 87 53 90 56 64 40 147 
165 43 80 36 60 10 35 73 71 
165 46 25 21 58 57 96 69 2 100 
155 89 121 48 61 31 19 42 4 93 52 
155 106 62 148 8 137 77 50 15 65 
155 125 55 126 37 41 146 97 119 99 
162 127 54 67 51 122 59 136 142 72 105 
165 128 149 98 132 63 78 24 20 109 111 
155 112 133 88 91 68 79 95 81 84 145 
162 113 138 108 141 45 124 143 47 94 
