158 128 29 139 15 23 4 119 77 134 84 
158 25 135 13 53 92 145 11 24 
156 31 116 17 18 143 88 1 19 36 101 
160 52 150 98 80 49 64 22 85 32 
160 72 10 35 28 136 115 120 44 122 33 
158 117 68 94 41 112 8 45 125 67 147 46 
156 48 106 91 121 81 57 40 104 113 
156 59 43 123 129 149 146 37 5 16 60 
158 2 126 30 6 63 102 47 73 12 
160 71 140 131 93 87 100 82 20 61 
160 62 130 69 55 56 26 142 76 70 75 
156 74 54 78 66 132 50 124 51 141 
156 107 14 7 103 144 96 114 110 95 
160 90 109 89 39 138 105 97 42 65 137 
156 99 3 83 58 79 34 148 118 
158 111 21 86 127 108 9 38 133 27 
