160 6 77 34 94 33 140 79 48 147 
160 7 84 72 73 71 134 25 23 89 
160 143 137 45 115 133 74 129 135 138 
158 107 100 106 99 76 141 118 37 14 
158 12 61 24 41 142 27 92 55 43 108 
164 59 127 42 88 117 109 21 36 15 144 
164 18 113 148 83 2 69 75 125 102 30 
164 54 17 95 11 121 29 10 120 93 51 28 
158 85 35 132 65 1 32 5 122 16 70 
160 40 64 111 67 49 58 53 112 22 146 
160 63 66 105 86 62 98 56 46 60 145 
158 82 8 130 80 91 87 97 38 78 
158 13 104 139 124 128 52 150 
160 149 44 47 68 50 136 114 19 103 31 
164 96 101 39 57 26 81 20 9 
158 119 116 123 126 3 90 4 110 131 
