158 65 39 42 67 34 45 37 31 52 46 19 
167 134 121 128 136 129 145 146 140 11 
158 49 48 51 50 57 25 23 7 13 
167 14 2 3 5 16 26 
167 138 150 143 147 141 8 130 117 15 
158 108 102 88 4 18 10 17 
158 28 66 41 56 63 29 64 58 32 53 9 
158 71 81 79 89 90 106 109 103 78 83 20 
167 149 122 139 115 111 142 21 12 24 
158 30 43 1 62 60 54 22 47 38 
158 40 33 44 6 27 55 36 61 35 59 
158 73 94 93 72 95 96 107 105 110 68 
158 76 97 85 87 99 77 86 74 84 69 
158 104 70 98 92 82 80 101 75 100 91 
167 132 116 126 119 144 148 120 118 112 113 
167 127 131 135 137 124 125 133 123 114 
