158 77 78 81 99 104 67 90 3 1 
158 70 95 69 76 68 84 2 
158 96 103 85 102 17 6 13 5 
158 11 92 63 8 54 34 43 62 38 44 
151 148 138 130 108 129 110 121 117 119 120 
151 147 142 150 137 128 127 116 109 18 
158 79 91 65 55 47 7 33 58 52 35 61 19 
158 97 83 100 98 89 10 15 22 21 
158 94 105 87 82 25 26 49 57 48 31 
151 131 118 112 106 123 132 124 125 9 30 
158 88 86 71 101 59 27 56 41 37 32 
158 80 73 64 74 75 39 51 46 40 28 60 
158 66 72 93 53 36 50 24 29 45 
151 14 23 4 12 20 16 
151 113 126 111 122 136 114 140 134 144 146 
151 149 143 133 135 145 141 115 107 139 42