158 15 28 40 44 18 49 36 48 35 4 
158 10 37 29 46 32 5 
158 25 43 24 52 12 2 27 33 11 
158 39 51 17 16 9 47 14 50 13 
158 45 19 21 1 34 23 22 30 
158 41 31 20 8 7 3 26 6 38 42 
152 86 76 55 70 64 87 81 66 65 
152 78 88 90 53 103 97 79 105 68 
152 82 84 92 54 98 74 60 96 72 69 
152 104 102 89 75 85 58 62 67 71 
152 94 93 95 101 83 57 106 61 73 
152 100 59 56 63 99 77 91 80 
155 107 148 125 117 136 140 134 135 
155 116 112 139 114 142 131 130 109 
155 150 132 122 110 146 129 124 127 143 111 121 
155 133 118 108 123 149 141 113 126 128 
155 145 119 120 147 144 115 137 138 
