166 42 22 19 28 17 38 11 30 31 35 
166 29 34 9 16 2 43 12 24 
166 33 32 41 44 37 7 47 10 45 1 49 
166 46 6 40 48 25 21 8 13 23 15 
166 4 26 27 18 14 3 39 5 36 20 
167 62 89 80 83 64 81 57 
167 76 96 70 52 69 55 85 63 59 
167 93 56 66 75 68 53 65 
167 73 51 82 78 60 71 50 88 97 77 
167 92 58 91 90 54 87 67 94 74 
167 95 72 84 61 86 98 79 
163 129 133 142 124 143 136 121 141 
163 147 114 102 150 126 105 144 137 108 
163 110 149 109 120 115 119 116 132 106 145 
163 127 122 117 113 140 148 146 112 
163 107 138 118 130 104 111 100 99 
163 139 103 125 128 123 134 135 101 131 
