153 105 113 108 115 120 114 29 22 12 2 
159 72 68 65 77 73 80 58 79 71 5 
159 28 3 1 24 7 
153 127 117 110 116 118 6 14 8 17 
153 129 130 122 124 27 112 126 131 11 
155 21 102 20 97 89 92 87 9 16 13 
153 119 107 106 121 109 125 128 111 123 26 15 
159 135 150 146 145 132 140 4 18 
159 59 74 61 63 78 67 56 60 66 19 
159 148 136 47 34 32 42 40 54 41 23 
159 76 57 62 64 69 70 75 10 25 
159 142 134 144 139 49 31 50 44 45 36 
159 147 143 138 51 30 46 39 55 48 52 
159 141 137 149 133 35 37 43 38 33 53 
155 94 103 82 81 90 98 86 93 95 88 
155 96 100 85 91 84 101 99 83 104 
