156 140 137 136 146 125 150 128 139 21 1 
160 40 36 47 48 30 35 9 4 
164 14 16 104 119 123 107 114 106 101 118 
160 52 46 50 37 32 33 18 8 
160 10 29 28 44 27 51 45 43 31 20 17 
160 19 120 111 108 102 103 99 105 115 
156 127 144 142 148 133 6 3 87 89 
160 49 34 41 38 39 42 26 15 23 
164 67 64 62 58 53 69 54 72 25 
164 77 68 66 61 59 70 75 76 5 
164 60 65 56 12 110 117 100 109 113 122 
164 63 74 71 55 57 73 112 116 121 
156 143 131 145 138 135 141 7 11 2 22 
156 90 88 84 82 79 86 95 97 92 98 
156 93 83 81 91 78 96 80 13 85 94 
156 130 134 149 132 126 147 129 24 124 
