167 1 138 137 127 146 144 142 123 134 125 139 
165 48 51 43 56 39 60 44 49 2 
162 21 11 20 3 10 23 27 4 9 
162 12 13 17 19 7 26 25 
162 15 16 22 14 6 18 8 5 24 
165 54 46 34 29 28 53 55 59 31 
165 37 57 47 30 50 38 35 41 33 
167 65 69 66 90 83 64 
167 74 79 78 89 75 70 73 63 80 
167 87 85 62 68 72 77 
167 82 81 84 86 76 61 67 91 71 88 
165 98 99 116 108 100 96 117 111 93 105 
165 102 110 92 95 106 114 94 115 107 
165 103 97 118 119 113 120 101 104 109 
165 112 58 32 36 45 42 40 52 122 
167 129 140 130 141 149 150 132 135 147 121 
167 133 145 136 143 124 131 148 126 128 
