159 4 30 1 19 8 9 7 
159 22 21 26 11 15 6 
159 10 24 14 2 31 25 3 12 29 23 
159 13 27 5 20 17 16 18 28 32 
151 80 73 65 50 60 33 59 47 37 
159 58 48 40 39 57 44 53 36 38 
159 42 35 43 56 49 41 51 46 52 
151 85 92 81 74 83 45 55 34 54 
151 61 90 78 77 71 86 87 140 127 
151 66 119 96 100 104 105 109 93 94 
151 67 88 79 75 118 112 99 102 
151 68 72 64 89 63 84 76 97 
151 70 69 95 107 114 115 116 108 110 106 
151 82 91 62 113 117 103 101 98 111 120 
155 125 130 136 148 134 128 147 131 137 121 
155 139 143 123 124 144 132 150 126 129 
155 142 133 135 149 138 145 122 146 141 
