203 96 3 63 70 50 67 34 5 
201 8 15 66 39 1 64 35 94 53 
201 9 69 18 98 44 46 32 54 59 
201 60 16 28 13 45 20 97 48 78 
201 30 80 7 75 42 49 82 77 17 
203 21 24 55 37 88 84 65 14 62 58 
203 25 36 91 47 79 41 23 95 56 
203 31 6 99 86 71 137 
201 61 11 100 26 85 43 90 38 
203 68 2 89 33 57 51 52 93 
210 123 122 128 113 121 181 101 195 73 
203 74 19 29 83 27 40 10 72 81 
203 87 4 12 76 22 92 
210 163 184 176 159 165 169 170 152 108 
210 111 179 185 107 124 151 160 173 
210 120 186 133 141 180 157 131 193 
210 134 110 103 191 196 183 105 142 143 116 148 
210 139 135 112 200 118 156 175 106 144 
210 171 140 102 127 117 150 174 132 153 
210 192 155 145 146 149 126 138 147 194 167 
210 168 104 154 136 119 187 114 199 198 
210 188 115 172 164 161 109 125 197 178 
210 189 162 166 130 129 182 177 158 190 
