209 3 192 1 132 80 17 197 121 99 13 
209 5 39 135 24 35 30 36 184 
203 97 130 16 88 84 2 189 22 150 8 
203 9 104 103 71 48 63 181 119 148 115 
203 29 91 144 23 160 158 10 98 14 
209 15 34 66 125 41 89 170 18 
201 175 49 116 153 96 101 59 56 19 
201 20 64 179 185 187 81 126 200 182 
201 27 62 164 33 163 92 139 196 43 
203 40 47 105 169 12 7 42 51 52 166 
209 54 53 110 72 128 38 113 
209 58 167 82 142 21 44 199 77 180 
203 65 152 117 68 95 147 118 55 149 
201 186 156 69 191 70 129 28 75 87 
209 159 195 73 25 141 136 146 168 93 
201 94 134 157 131 85 172 178 194 154 
203 106 114 100 165 111 83 102 61 198 
201 112 177 32 188 60 183 86 193 67 176 
203 122 145 161 76 127 37 109 79 162 
203 173 90 133 57 151 123 46 138 26 124 
203 171 143 174 140 50 78 4 190 137 
201 155 74 6 120 11 108 45 31 107 
