209 1 17 197 121 
209 3 132 80 190 
203 143 50 78 4 
209 5 54 38 
201 6 120 11 108 
203 133 57 124 8 
203 9 13 184 99 
203 97 151 46 26 98 
203 29 123 138 14 
209 15 34 66 41 
203 91 23 56 19 
201 20 64 185 179 187 
203 84 2 189 22 
201 27 33 163 
209 192 135 24 30 
201 69 129 45 31 
209 39 35 36 
201 112 139 196 43 
203 169 12 7 51 
209 53 110 72 128 
209 58 82 113 107 
201 49 85 154 59 
203 114 100 198 61 
201 62 164 92 81 
203 152 117 68 
201 177 60 86 193 67 
203 65 122 147 149 
201 186 156 87 77 
203 145 76 37 162 
203 165 111 102 83 
203 90 130 16 88 150 
203 95 118 55 194 
203 103 71 63 181 119 
203 104 48 115 148 
203 173 40 47 105 
203 106 42 52 166 
201 134 131 172 178 
201 94 116 96 101 176 
203 161 127 109 79 
209 195 73 25 141 
203 144 160 158 10 
203 171 174 140 137 
209 159 125 136 146 
201 155 74 89 170 
201 157 18 93 168 
209 167 142 21 44 199 
201 175 32 153 188 183 
201 191 70 28 75 180 
201 200 126 182 
