206 50 1 59 4 
210 90 118 6 
206 7 61 25 8 
206 9 26 64 12 180 
206 13 43 54 46 
206 62 10 56 16 
206 18 15 53 57 52 
206 19 17 3 177 
206 23 49 48 28 
206 42 37 45 24 
206 33 27 29 14 44 
206 63 32 5 36 
206 31 2 20 58 30 
206 47 21 51 35 
206 38 34 65 60 
206 40 39 22 41 
206 55 11 175 140 
210 67 69 111 92 68 
210 70 88 101 103 
210 71 109 127 79 
210 73 107 130 117 119 
206 74 85 81 97 
210 114 93 94 76 
210 129 66 121 89 77 
210 80 123 82 105 
206 84 108 75 115 
210 91 78 113 95 
210 106 72 120 96 
210 122 98 86 99 
210 112 102 87 104 
210 125 100 83 110 
210 124 128 116 126 
205 181 195 169 132 
205 133 142 185 159 145 
205 176 163 157 134 
205 193 192 154 160 137 
205 141 162 183 138 
205 172 191 158 139 
205 174 200 144 
206 173 199 179 147 
206 148 143 167 
205 194 197 196 171 149 
205 151 150 136 156 
205 168 190 135 152 
205 164 189 146 153 
205 155 161 166 184 198 
205 170 187 182 165 
205 186 178 131 188 
