203 3 63 67 34 
203 96 47 79 5 
203 6 31 99 71 86 
201 8 15 66 11 
201 9 98 18 59 
203 87 55 4 12 
201 13 45 78 
201 80 7 52 65 84 
203 21 24 37 88 14 
203 83 27 40 22 
201 77 17 56 95 23 
203 25 36 91 41 
201 28 20 97 48 
203 29 10 72 81 
201 30 75 51 57 
203 68 89 2 33 
201 93 43 90 38 
201 39 1 53 
201 42 49 82 
201 44 46 32 54 
201 60 16 62 58 
201 61 100 26 85 
201 69 64 35 94 
203 70 50 73 
203 74 19 76 92 
210 104 154 148 132 
210 189 162 182 158 106 
210 110 191 183 105 142 116 
210 111 122 101 195 
210 115 172 164 178 
210 134 103 196 143 
210 171 140 102 117 
210 135 112 200 118 
210 120 141 180 
210 123 128 121 181 
210 133 186 113 137 
210 136 114 187 199 
210 155 145 126 149 138 
210 139 131 157 193 
210 177 156 175 144 
210 179 107 124 151 
210 165 119 108 153 
210 161 109 125 197 
210 166 130 129 190 
210 184 163 169 170 167 
210 168 127 150 174 
210 188 185 160 173 
210 176 159 152 198 
210 192 146 147 194 
