206 9 26 17 55 11 12 64 3 177 180
206 13 23 49 50 1 39 5 32 28
206 19 18 15 53 57 20 58 52 24 30
210 122 106 72 120 90 118 96 6
206 31 38 2 42 37 65 56 45 60
206 33 27 29 61 14 44 8 25 16 35
206 63 48 40 43 54 59 22 36 41
206 47 62 34 10 7 21 46 51 4
210 73 71 107 112 109 127 79 82 105 70
206 74 85 148 143 167 173 199 179
210 91 129 67 69 111 76 92 68 89 77
210 78 95 113 84 108 75 83 115 81
210 80 124 128 116 123 126 103 101 88
210 125 100 66 114 93 94 121 110 97
210 98 86 130 117 102 87 104 119 99
205 170 187 186 178 131 188 182 132
205 193 168 190 135 152 160 154 192 137
205 141 163 166 134 162 183 138 146 147
205 172 158 191 151 197 150 136 156 139 145
205 155 176 161 181 195 169 165 198 184 157
205 174 200 144 133 142 185 159
205 194 164 189 196 171 153 149 140 175